@Using Triangular Membership Functions as antecedent fuzzy sets

@Number of Labels in Variable 1: 2
Native:
L_0(2): (0.0,1.0,2.0)
L_1(2): (1.0,2.0,3.0)


@Number of Labels in Variable 2: 5
Instructor:
L_0(5): (-4.119716563316871,1.8802834366831296,7.880283436683129)
L_1(5): (2.279480633410107,8.279480633410108,14.279480633410108)
L_2(5): (8.26309803812923,14.26309803812923,20.263098038129232)
L_3(5): (11.9935964914205,17.9935964914205,23.9935964914205)
L_4(5): (20.112957043946746,26.112957043946746,32.11295704394674)


@Number of Labels in Variable 3: 5
Course:
L_0(5): (-3.526640708075517,2.723359291924483,8.973359291924483)
L_1(5): (0.14243433700564334,6.392434337005644,12.642434337005643)
L_2(5): (6.754143412238224,13.004143412238223,19.254143412238225)
L_3(5): (13.809827167994523,20.059827167994523,26.309827167994523)
L_4(5): (20.382765385115054,26.632765385115054,32.88276538511505)


@Number of Labels in Variable 4: 2
Semester:
L_0(2): (0.0,1.0,2.0)
L_1(2): (1.0,2.0,3.0)


@Number of Labels in Variable 5: 5
Size:
L_0(5): (-10.498097441896974,5.251902558103027,21.001902558103026)
L_1(5): (3.6200205247476553,19.370020524747655,35.12002052474765)
L_2(5): (19.209891177054594,34.959891177054594,50.709891177054594)
L_3(5): (39.011282300791635,54.761282300791635,70.51128230079163)
L_4(5): (46.286093056593124,62.036093056593124,77.78609305659313)
