@Using Triangular Membership Functions as antecedent fuzzy sets

@Number of Labels in Variable 1: 2
Native:
L_0(2): (0.0,1.0,2.0)
L_1(2): (1.0,2.0,3.0)


@Number of Labels in Variable 2: 5
Instructor:
L_0(5): (-5.8230454641746086,0.176954535825391,6.1769545358253914)
L_1(5): (0.0725328212722256,6.072532821272226,12.072532821272226)
L_2(5): (5.271918879925568,11.271918879925568,17.27191887992557)
L_3(5): (14.110010478563888,20.110010478563886,26.110010478563886)
L_4(5): (18.52290295736438,24.52290295736438,30.52290295736438)


@Number of Labels in Variable 3: 5
Course:
L_0(5): (-6.598222539774198,-0.3482225397741978,5.901777460225802)
L_1(5): (-0.17722299691185373,6.072777003088146,12.322777003088147)
L_2(5): (8.562671082461076,14.812671082461076,21.062671082461076)
L_3(5): (14.714722262038407,20.964722262038407,27.214722262038407)
L_4(5): (18.982863803682708,25.232863803682708,31.482863803682708)


@Number of Labels in Variable 4: 2
Semester:
L_0(2): (0.0,1.0,2.0)
L_1(2): (1.0,2.0,3.0)


@Number of Labels in Variable 5: 5
Size:
L_0(5): (-13.171984149794138,2.5780158502058628,18.328015850205862)
L_1(5): (-0.7006223259464721,15.049377674053527,30.799377674053527)
L_2(5): (18.022796037203427,33.77279603720343,49.52279603720343)
L_3(5): (31.244446505537947,46.99444650553795,62.74444650553795)
L_4(5): (54.2321837316366,69.98218373163661,85.73218373163661)
