@Using Triangular Membership Functions as antecedent fuzzy sets

@Number of Labels in Variable 1: 2
Native:
L_0(2): (0.0,1.0,2.0)
L_1(2): (1.0,2.0,3.0)


@Number of Labels in Variable 2: 5
Instructor:
L_0(5): (-4.12745840268092,1.8725415973190804,7.87254159731908)
L_1(5): (2.235609269664339,8.235609269664339,14.235609269664339)
L_2(5): (5.277662632477901,11.2776626324779,17.277662632477902)
L_3(5): (13.669289489031812,19.66928948903181,25.66928948903181)
L_4(5): (21.896789824446863,27.896789824446863,33.89678982444686)


@Number of Labels in Variable 3: 5
Course:
L_0(5): (-5.9451187802601435,0.30488121973985693,6.5548812197398565)
L_1(5): (2.3941699453661935,8.644169945366194,14.894169945366194)
L_2(5): (8.381638168848985,14.631638168848985,20.881638168848983)
L_3(5): (13.277875485584962,19.52787548558496,25.77787548558496)
L_4(5): (17.837797107708482,24.087797107708482,30.337797107708482)


@Number of Labels in Variable 4: 2
Semester:
L_0(2): (0.0,1.0,2.0)
L_1(2): (1.0,2.0,3.0)


@Number of Labels in Variable 5: 5
Size:
L_0(5): (-16.152089342024937,-0.40208934202493607,15.347910657975063)
L_1(5): (-1.372505811032787,14.377494188967212,30.127494188967212)
L_2(5): (16.842586981213504,32.5925869812135,48.3425869812135)
L_3(5): (37.106979027449235,52.856979027449235,68.60697902744924)
L_4(5): (43.407816845000035,59.157816845000035,74.90781684500004)
