@Using Triangular Membership Functions as antecedent fuzzy sets

@Number of Labels in Variable 1: 2
Native:
L_0(2): (0.0,1.0,2.0)
L_1(2): (1.0,2.0,3.0)


@Number of Labels in Variable 2: 5
Instructor:
L_0(5): (-5.708325297867205,0.291674702132795,6.291674702132795)
L_1(5): (-0.016666877902144606,5.983333122097855,11.983333122097855)
L_2(5): (6.485478136176003,12.485478136176003,18.485478136176003)
L_3(5): (10.330427679640005,16.330427679640003,22.330427679640003)
L_4(5): (21.380760802593375,27.380760802593375,33.38076080259338)


@Number of Labels in Variable 3: 5
Course:
L_0(5): (-6.636223145821566,-0.38622314582156525,5.863776854178434)
L_1(5): (1.635247601746689,7.8852476017466895,14.13524760174669)
L_2(5): (9.354045747132218,15.604045747132218,21.85404574713222)
L_3(5): (11.717054766255494,17.967054766255494,24.217054766255494)
L_4(5): (20.186503650037498,26.436503650037498,32.6865036500375)


@Number of Labels in Variable 4: 2
Semester:
L_0(2): (0.0,1.0,2.0)
L_1(2): (1.0,2.0,3.0)


@Number of Labels in Variable 5: 5
Size:
L_0(5): (-8.267394626843675,7.482605373156325,23.232605373156325)
L_1(5): (0.5272544352593838,16.277254435259383,32.02725443525939)
L_2(5): (18.429432968437663,34.17943296843766,49.92943296843766)
L_3(5): (28.524849172831566,44.274849172831566,60.024849172831566)
L_4(5): (53.69162752086455,69.44162752086456,85.19162752086456)
