@Using Triangular Membership Functions as antecedent fuzzy sets

@Number of Labels in Variable 1: 2
Native:
L_0(2): (0.0,1.0,2.0)
L_1(2): (1.0,2.0,3.0)


@Number of Labels in Variable 2: 5
Instructor:
L_0(5): (-4.568283333378997,1.4317166666210024,7.431716666621003)
L_1(5): (2.7199136607565615,8.719913660756562,14.719913660756562)
L_2(5): (7.064577316193501,13.0645773161935,19.0645773161935)
L_3(5): (10.492704450306222,16.49270445030622,22.49270445030622)
L_4(5): (20.709734047827105,26.709734047827105,32.709734047827105)


@Number of Labels in Variable 3: 5
Course:
L_0(5): (-5.356078900243239,0.8939210997567606,7.143921099756761)
L_1(5): (3.1744193448623217,9.424419344862322,15.674419344862322)
L_2(5): (10.343407713577676,16.593407713577676,22.843407713577676)
L_3(5): (15.480354715582202,21.7303547155822,27.9803547155822)
L_4(5): (22.259617398520355,28.509617398520355,34.759617398520355)


@Number of Labels in Variable 4: 2
Semester:
L_0(2): (0.0,1.0,2.0)
L_1(2): (1.0,2.0,3.0)


@Number of Labels in Variable 5: 5
Size:
L_0(5): (-18.57106746185059,-2.821067461850589,12.928932538149411)
L_1(5): (1.272850056599197,17.022850056599196,32.7728500565992)
L_2(5): (12.40308440198216,28.15308440198216,43.90308440198216)
L_3(5): (29.428829472611124,45.17882947261113,60.92882947261113)
L_4(5): (46.04285396978582,61.79285396978582,77.54285396978582)
