@Using Triangular Membership Functions as antecedent fuzzy sets

@Number of Labels in Variable 1: 5
Class:
L_0(5): (-2.79170427758063,-2.0829542775806296,-1.3742042775806296)
L_1(5): (-1.9598427025587037,-1.2510927025587038,-0.5423427025587039)
L_2(5): (-1.0166769231979034,-0.3079269231979034,0.4008230768020964)
L_3(5): (-0.441239297052718,0.26751070294728174,0.9762607029472821)
L_4(5): (0.4954058584388738,1.204155858438874,1.9129058584388743)


@Number of Labels in Variable 2: 5
Age:
L_0(5): (-1.6015261676912529,-0.4495261676912529,0.702473832308747)
L_1(5): (0.0600335458900024,1.2120335458900025,2.364033545890002)
L_2(5): (1.4482364774941274,2.600236477494127,3.752236477494127)
L_3(5): (1.8512690288843172,3.0032690288843167,4.155269028884318)
L_4(5): (2.673177308247166,3.8251773082471665,4.977177308247167)


@Number of Labels in Variable 3: 5
Sex:
L_0(5): (-2.4742175455861166,-1.8639675455861167,-1.2537175455861167)
L_1(5): (-2.10045904945133,-1.4902090494513298,-0.8799590494513299)
L_2(5): (-1.4756054499574287,-0.8653554499574289,-0.2551054499574289)
L_3(5): (-0.7129134464907181,-0.10266344649071814,0.507586553509282)
L_4(5): (-0.09057165462060773,0.5196783453793924,1.129928345379392)
