@Using Triangular Membership Functions as antecedent fuzzy sets

@Number of Labels in Variable 1: 5
Class:
L_0(5): (-2.6463922939805378,-1.9376422939805378,-1.2288922939805378)
L_1(5): (-2.1469022355419103,-1.4381522355419105,-0.7294022355419104)
L_2(5): (-0.8389460945251325,-0.13019609452513248,0.5785539054748673)
L_3(5): (-0.6391517546318406,0.0695982453681592,0.7783482453681595)
L_4(5): (0.17092030995084614,0.8796703099508465,1.5884203099508465)


@Number of Labels in Variable 2: 5
Age:
L_0(5): (-1.4729981919274702,-0.32099819192747037,0.8310018080725295)
L_1(5): (0.06704994866121453,1.2190499486612145,2.371049948661214)
L_2(5): (1.1165882187972205,2.26858821879722,3.42058821879722)
L_3(5): (1.9323300870068998,3.0843300870068995,4.2363300870069)
L_4(5): (3.4766933820007577,4.628693382000758,5.780693382000758)


@Number of Labels in Variable 3: 5
Sex:
L_0(5): (-2.4970020263558528,-1.8867520263558533,-1.2765020263558533)
L_1(5): (-1.9991989938122905,-1.3889489938122905,-0.7786989938122906)
L_2(5): (-1.3398252410496558,-0.7295752410496559,-0.11932524104965593)
L_3(5): (-0.5449533028089726,0.0652966971910274,0.6755466971910274)
L_4(5): (-0.028380546211147953,0.5818694537888521,1.1921194537888518)
