@Using Triangular Membership Functions as antecedent fuzzy sets

@Number of Labels in Variable 1: 5
Class:
L_0(5): (-2.6132587419558906,-1.9045087419558904,-1.1957587419558904)
L_1(5): (-1.9651750799769294,-1.2564250799769294,-0.5476750799769295)
L_2(5): (-0.9294518117341842,-0.22070181173418424,0.48804818826581553)
L_3(5): (-0.7239960299493051,-0.015246029949305295,0.6935039700506951)
L_4(5): (0.1769334976342738,0.8856834976342741,1.5944334976342742)


@Number of Labels in Variable 2: 5
Age:
L_0(5): (-1.275628810626294,-0.12362881062629409,1.0283711893737058)
L_1(5): (-0.4408574886471488,0.7111425113528511,1.8631425113528508)
L_2(5): (0.5309334363559732,1.682933436355973,2.8349334363559726)
L_3(5): (1.9882203401239795,3.1402203401239794,4.29222034012398)
L_4(5): (3.1525383650933967,4.304538365093397,5.456538365093397)


@Number of Labels in Variable 3: 5
Sex:
L_0(5): (-2.30130423162277,-1.6910542316227701,-1.0808042316227702)
L_1(5): (-2.0871518929594353,-1.476901892959435,-0.8666518929594351)
L_2(5): (-1.20578148390824,-0.59553148390824,0.014718516091759948)
L_3(5): (-0.7741306242636324,-0.16388062426363248,0.4463693757363676)
L_4(5): (-0.37637814888623,0.23387185111377007,0.8441218511137697)
