@Using Triangular Membership Functions as antecedent fuzzy sets

@Number of Labels in Variable 1: 5
Class:
L_0(5): (-2.5155849370533683,-1.806834937053368,-1.098084937053368)
L_1(5): (-1.5205759646390786,-0.8118259646390786,-0.10307596463907859)
L_2(5): (-0.8530125350372152,-0.1442625350372152,0.5644874649627846)
L_3(5): (-0.6008912525885162,0.10785874741148363,0.8166087474114839)
L_4(5): (0.27948213073949885,0.9882321307394991,1.6969821307394992)


@Number of Labels in Variable 2: 5
Age:
L_0(5): (-1.087220857956864,0.0647791420431357,1.2167791420431358)
L_1(5): (-0.13511186119964055,1.0168881388003594,2.168888138800359)
L_2(5): (0.9807267419030354,2.132726741903035,3.2847267419030346)
L_3(5): (2.1056530372496223,3.257653037249622,4.4096530372496225)
L_4(5): (3.3815280733318427,4.533528073331843,5.685528073331843)


@Number of Labels in Variable 3: 5
Sex:
L_0(5): (-2.468460888871687,-1.8582108888716873,-1.2479608888716873)
L_1(5): (-1.8392336274171208,-1.2289836274171209,-0.6187336274171209)
L_2(5): (-1.458464072528498,-0.8482140725284981,-0.23796407252849813)
L_3(5): (-0.5843987538637793,0.025851246136220737,0.6361012461362208)
L_4(5): (-0.07752726097544758,0.5327227390245525,1.142972739024552)
