@Using Triangular Membership Functions as antecedent fuzzy sets

@Number of Labels in Variable 1: 5
Class:
L_0(5): (-2.844072072917571,-2.1353220729175706,-1.4265720729175708)
L_1(5): (-2.1706631965267165,-1.4619131965267167,-0.7531631965267167)
L_2(5): (-0.9774669537999058,-0.2687169537999058,0.440033046200094)
L_3(5): (-0.40930476596059173,0.29944523403940804,1.0081952340394085)
L_4(5): (-0.01819959942393523,0.6905504005760651,1.3993004005760652)


@Number of Labels in Variable 2: 5
Age:
L_0(5): (-1.5216483238919212,-0.36964832389192137,0.7823516761080785)
L_1(5): (-0.6769283185288787,0.4750716814711213,1.627071681471121)
L_2(5): (1.123492802460096,2.2754928024600956,3.4274928024600952)
L_3(5): (2.0327524759453244,3.184752475945324,4.336752475945325)
L_4(5): (2.9510649385172147,4.103064938517216,5.255064938517216)


@Number of Labels in Variable 3: 5
Sex:
L_0(5): (-2.4663786533275336,-1.8561286533275339,-1.245878653327534)
L_1(5): (-1.9157969953283671,-1.3055469953283672,-0.6952969953283672)
L_2(5): (-1.4768157206335273,-0.8665657206335272,-0.25631572063352726)
L_3(5): (-0.7532428051824377,-0.1429928051824377,0.46725719481756234)
L_4(5): (-0.26998909901174667,0.3402609009882534,0.9505109009882531)
