@Using Triangular Membership Functions as antecedent fuzzy sets

@Number of Labels in Variable 1: 5
sepalLength:
L_0(5): (3.276524781393221,4.176524781393222,5.076524781393222)
L_1(5): (4.251945318442965,5.151945318442966,6.051945318442965)
L_2(5): (4.904595817267027,5.8045958172670264,6.704595817267027)
L_3(5): (6.166777443981158,7.066777443981159,7.966777443981159)
L_4(5): (6.879566703433399,7.7795667034333995,8.6795667034334)


@Number of Labels in Variable 2: 5
sepalWidth:
L_0(5): (1.6281868865052787,2.2281868865052785,2.8281868865052786)
L_1(5): (1.9146667678003069,2.514666767800307,3.114666767800307)
L_2(5): (2.706993766770583,3.306993766770583,3.906993766770583)
L_3(5): (3.302649915456458,3.902649915456458,4.502649915456458)
L_4(5): (3.5958863093712385,4.195886309371239,4.795886309371238)


@Number of Labels in Variable 3: 5
petalLength:
L_0(5): (-0.8232382848288046,0.6517617151711955,2.1267617151711957)
L_1(5): (1.3530205250587404,2.8280205250587405,4.3030205250587406)
L_2(5): (2.403624361586486,3.878624361586486,5.353624361586486)
L_3(5): (3.477271947202045,4.952271947202045,6.427271947202045)
L_4(5): (5.848198253932976,7.323198253932976,8.798198253932975)


@Number of Labels in Variable 4: 5
petalWidth:
L_0(5): (-0.5968085656639944,0.0031914343360055775,0.6031914343360055)
L_1(5): (-0.11839568708035442,0.48160431291964556,1.0816043129196455)
L_2(5): (0.5190010158016303,1.1190010158016304,1.7190010158016302)
L_3(5): (1.3091184189047747,1.9091184189047745,2.5091184189047744)
L_4(5): (1.9894039712688023,2.589403971268802,3.1894039712688023)
