@Using Triangular Membership Functions as antecedent fuzzy sets

@Number of Labels in Variable 1: 5
sepalLength:
L_0(5): (3.0773892831700476,3.977389283170048,4.877389283170048)
L_1(5): (3.9965832108928305,4.896583210892831,5.79658321089283)
L_2(5): (5.2151537116721,6.115153711672099,7.0151537116721)
L_3(5): (5.752604514685375,6.652604514685375,7.552604514685376)
L_4(5): (6.991796316041726,7.891796316041726,8.791796316041726)


@Number of Labels in Variable 2: 5
sepalWidth:
L_0(5): (1.3382779579297595,1.9382779579297595,2.5382779579297594)
L_1(5): (1.8259804923229535,2.4259804923229535,3.0259804923229536)
L_2(5): (2.406758990365968,3.006758990365968,3.606758990365968)
L_3(5): (3.1414362664902042,3.7414362664902043,4.341436266490205)
L_4(5): (3.90891220483641,4.50891220483641,5.108912204836409)


@Number of Labels in Variable 3: 5
petalLength:
L_0(5): (-0.7466151265861684,0.7283848734138317,2.2033848734138317)
L_1(5): (1.545992202075439,3.020992202075439,4.495992202075439)
L_2(5): (2.2682911329969153,3.7432911329969154,5.2182911329969155)
L_3(5): (4.32480993863284,5.7998099386328406,7.27480993863284)
L_4(5): (4.978737210270126,6.453737210270126,7.928737210270126)


@Number of Labels in Variable 4: 5
petalWidth:
L_0(5): (-0.21246899885112785,0.3875310011488722,0.987531001148872)
L_1(5): (-0.07153649533278073,0.5284635046672193,1.1284635046672193)
L_2(5): (0.6126798686141564,1.2126798686141564,1.8126798686141563)
L_3(5): (1.3756783221571778,1.9756783221571776,2.5756783221571777)
L_4(5): (1.8029114054867486,2.4029114054867486,3.0029114054867487)
