@Using Triangular Membership Functions as antecedent fuzzy sets

@Number of Labels in Variable 1: 5
Age:
L_0(5): (16.25821511914614,29.50821511914614,42.75821511914614)
L_1(5): (25.366441989491776,38.616441989491776,51.866441989491776)
L_2(5): (43.58077392415379,56.83077392415379,70.08077392415379)
L_3(5): (54.432854824031836,67.68285482403184,80.93285482403184)
L_4(5): (68.41708272927931,81.66708272927931,94.91708272927931)


@Number of Labels in Variable 2: 5
Year:
L_0(5): (54.7753018734365,57.5253018734365,60.2753018734365)
L_1(5): (58.87155179763316,61.62155179763316,64.37155179763316)
L_2(5): (60.305266999867854,63.055266999867854,65.80526699986785)
L_3(5): (64.53962626459015,67.28962626459015,70.03962626459015)
L_4(5): (66.70999200399021,69.45999200399021,72.20999200399021)


@Number of Labels in Variable 3: 5
Positive:
L_0(5): (-15.643948289814052,-2.6439482898140527,10.356051710185948)
L_1(5): (-1.6190399042007564,11.380960095799244,24.380960095799242)
L_2(5): (8.30302299760654,21.30302299760654,34.30302299760654)
L_3(5): (25.554197747045425,38.55419774704542,51.55419774704542)
L_4(5): (33.57040865203528,46.57040865203528,59.57040865203528)
