@Using Triangular Membership Functions as antecedent fuzzy sets

@Number of Labels in Variable 1: 5
Age:
L_0(5): (19.50383627820987,32.75383627820987,46.00383627820987)
L_1(5): (25.400759007591986,38.65075900759199,51.90075900759199)
L_2(5): (39.090338630238634,52.340338630238634,65.59033863023863)
L_3(5): (55.33783539343116,68.58783539343116,81.83783539343116)
L_4(5): (64.91874866804083,78.16874866804083,91.41874866804083)


@Number of Labels in Variable 2: 5
Year:
L_0(5): (55.31342614745174,58.06342614745174,60.81342614745174)
L_1(5): (57.61527852248429,60.36527852248429,63.11527852248429)
L_2(5): (61.685081230587265,64.43508123058727,67.18508123058727)
L_3(5): (63.85575365303785,66.60575365303785,69.35575365303785)
L_4(5): (66.68750507924352,69.43750507924352,72.18750507924352)


@Number of Labels in Variable 3: 5
Positive:
L_0(5): (-15.81653074898662,-2.8165307489866205,10.18346925101338)
L_1(5): (-0.4581568756031936,12.541843124396806,25.541843124396806)
L_2(5): (17.007515635803166,30.007515635803166,43.007515635803166)
L_3(5): (27.456387465502402,40.4563874655024,53.4563874655024)
L_4(5): (41.803362991282555,54.803362991282555,67.80336299128255)
