@Using Triangular Membership Functions as antecedent fuzzy sets

@Number of Labels in Variable 1: 5
Age:
L_0(5): (17.56333571475746,30.81333571475746,44.063335714757464)
L_1(5): (24.39378284369248,37.64378284369248,50.89378284369248)
L_2(5): (41.653045434962785,54.903045434962785,68.15304543496278)
L_3(5): (52.688478395789865,65.93847839578986,79.18847839578986)
L_4(5): (68.87980281960714,82.12980281960714,95.37980281960714)


@Number of Labels in Variable 2: 5
Year:
L_0(5): (54.33541988705323,57.08541988705323,59.83541988705323)
L_1(5): (56.951032624202895,59.701032624202895,62.451032624202895)
L_2(5): (60.78209449896966,63.53209449896966,66.28209449896966)
L_3(5): (64.76199366494316,67.51199366494316,70.26199366494316)
L_4(5): (66.43245551781611,69.18245551781611,71.93245551781611)


@Number of Labels in Variable 3: 5
Positive:
L_0(5): (-11.216239425441007,1.7837605745589937,14.783760574558993)
L_1(5): (1.3429103593968028,14.342910359396804,27.342910359396804)
L_2(5): (18.291312486496732,31.291312486496732,44.291312486496736)
L_3(5): (25.180378553289103,38.1803785532891,51.1803785532891)
L_4(5): (42.92754425663434,55.92754425663434,68.92754425663435)
