@Using Triangular Membership Functions as antecedent fuzzy sets

@Number of Labels in Variable 1: 5
Age:
L_0(5): (17.764371405571545,31.014371405571545,44.264371405571545)
L_1(5): (29.866744479448464,43.116744479448464,56.366744479448464)
L_2(5): (44.55289012564459,57.80289012564459,71.0528901256446)
L_3(5): (59.452929265745716,72.70292926574571,85.95292926574571)
L_4(5): (67.42351224269888,80.67351224269888,93.92351224269888)


@Number of Labels in Variable 2: 5
Year:
L_0(5): (55.16627773743883,57.91627773743883,60.66627773743883)
L_1(5): (58.60815534063388,61.35815534063388,64.10815534063387)
L_2(5): (60.599002672083145,63.349002672083145,66.09900267208315)
L_3(5): (63.80081913988507,66.55081913988508,69.30081913988508)
L_4(5): (66.40296727593157,69.15296727593157,71.90296727593157)


@Number of Labels in Variable 3: 5
Positive:
L_0(5): (-17.372167379926275,-4.372167379926273,8.627832620073727)
L_1(5): (-3.4683712721236364,9.531628727876363,22.531628727876363)
L_2(5): (12.690257438183682,25.690257438183682,38.690257438183686)
L_3(5): (25.97560953487012,38.97560953487012,51.97560953487012)
L_4(5): (41.12276879615705,54.12276879615705,67.12276879615705)
