@Using Triangular Membership Functions as antecedent fuzzy sets

@Number of Labels in Variable 1: 5
Age:
L_0(5): (20.15288089839106,33.40288089839106,46.65288089839106)
L_1(5): (31.416630716226976,44.666630716226976,57.916630716226976)
L_2(5): (43.133421538483965,56.383421538483965,69.63342153848397)
L_3(5): (52.11718054388327,65.36718054388328,78.61718054388328)
L_4(5): (63.137270659182725,76.38727065918272,89.63727065918272)


@Number of Labels in Variable 2: 5
Year:
L_0(5): (54.34185611176942,57.09185611176942,59.84185611176942)
L_1(5): (58.05596468081026,60.80596468081026,63.55596468081026)
L_2(5): (59.740581074625915,62.490581074625915,65.24058107462591)
L_3(5): (64.74003631059801,67.49003631059801,70.24003631059801)
L_4(5): (65.71317588330432,68.46317588330432,71.21317588330432)


@Number of Labels in Variable 3: 5
Positive:
L_0(5): (-14.362238888025573,-1.3622388880255736,11.637761111974427)
L_1(5): (0.12805744088921756,13.128057440889217,26.12805744088922)
L_2(5): (12.586021145353513,25.586021145353513,38.58602114535351)
L_3(5): (20.839449404359243,33.83944940435924,46.83944940435924)
L_4(5): (41.16514101721128,54.16514101721128,67.16514101721128)
