@Using Triangular Membership Functions as antecedent fuzzy sets

@Number of Labels in Variable 1: 5
sepalLength:
L_0(5): (3.1538673545737943,4.053867354573795,4.953867354573795)
L_1(5): (3.951838752816528,4.851838752816528,5.751838752816528)
L_2(5): (5.242720938773789,6.142720938773788,7.042720938773789)
L_3(5): (6.150224882961986,7.050224882961986,7.950224882961987)
L_4(5): (6.864154758368017,7.764154758368018,8.664154758368017)


@Number of Labels in Variable 2: 5
sepalWidth:
L_0(5): (1.3112594042938397,1.9112594042938398,2.5112594042938396)
L_1(5): (2.0323670408531407,2.6323670408531408,3.232367040853141)
L_2(5): (2.637920892426781,3.2379208924267813,3.8379208924267814)
L_3(5): (3.451241867441809,4.051241867441809,4.651241867441809)
L_4(5): (3.7408371284505977,4.340837128450597,4.940837128450597)


@Number of Labels in Variable 3: 5
petalLength:
L_0(5): (-0.2677610838071496,1.2072389161928505,2.6822389161928504)
L_1(5): (0.32581042336394617,1.8008104233639464,3.2758104233639465)
L_2(5): (2.8217273565167655,4.296727356516765,5.771727356516766)
L_3(5): (3.739332186508496,5.214332186508496,6.689332186508496)
L_4(5): (4.7929940215233575,6.267994021523357,7.742994021523357)


@Number of Labels in Variable 4: 5
petalWidth:
L_0(5): (-0.7479444818479455,-0.14794448184794542,0.4520555181520545)
L_1(5): (0.0041647394592066594,0.6041647394592066,1.2041647394592068)
L_2(5): (0.6794345472874198,1.2794345472874198,1.8794345472874197)
L_3(5): (1.533858359363601,2.133858359363601,2.7338583593636008)
L_4(5): (1.958930487472133,2.558930487472133,3.158930487472133)
