@Using Triangular Membership Functions as antecedent fuzzy sets

@Number of Labels in Variable 1: 5
sepalLength:
L_0(5): (3.307059070426292,4.2070590704262925,5.107059070426293)
L_1(5): (4.3907942001920395,5.29079420019204,6.190794200192039)
L_2(5): (5.065734801860096,5.965734801860095,6.865734801860095)
L_3(5): (5.72333026080489,6.623330260804891,7.523330260804891)
L_4(5): (6.866914619574518,7.766914619574519,8.666914619574518)


@Number of Labels in Variable 2: 5
sepalWidth:
L_0(5): (1.5769116911479093,2.176911691147909,2.7769116911479093)
L_1(5): (2.091514114439463,2.691514114439463,3.291514114439463)
L_2(5): (2.7142451165609116,3.3142451165609117,3.914245116560912)
L_3(5): (3.3217993969663073,3.9217993969663074,4.5217993969663075)
L_4(5): (3.835672696601513,4.435672696601514,5.035672696601513)


@Number of Labels in Variable 3: 5
petalLength:
L_0(5): (-0.5367163895333383,0.9382836104666618,2.413283610466662)
L_1(5): (0.6000931028870492,2.0750931028870494,3.5500931028870495)
L_2(5): (2.7547038025348,4.2297038025348,5.704703802534801)
L_3(5): (3.74498188539102,5.219981885391021,6.69498188539102)
L_4(5): (5.764301049490189,7.239301049490189,8.714301049490189)


@Number of Labels in Variable 4: 5
petalWidth:
L_0(5): (-0.38562954652989806,0.21437045347010192,0.8143704534701018)
L_1(5): (0.10709051445416969,0.7070905144541696,1.3070905144541698)
L_2(5): (0.8628602334756472,1.4628602334756473,2.0628602334756474)
L_3(5): (1.468952461060957,2.068952461060957,2.668952461060957)
L_4(5): (1.8337802928394893,2.4337802928394896,3.0337802928394897)
