@Using Triangular Membership Functions as antecedent fuzzy sets

@Number of Labels in Variable 1: 5
sepalLength:
L_0(5): (3.6999563412411045,4.599956341241105,5.499956341241106)
L_1(5): (4.329740067230694,5.229740067230694,6.129740067230694)
L_2(5): (5.253714567161316,6.153714567161315,7.0537145671613155)
L_3(5): (6.410748695066946,7.3107486950669465,8.210748695066947)
L_4(5): (6.898144228037764,7.798144228037764,8.698144228037764)


@Number of Labels in Variable 2: 5
sepalWidth:
L_0(5): (1.3316844714555238,1.931684471455524,2.5316844714555238)
L_1(5): (1.850672857802235,2.450672857802235,3.050672857802235)
L_2(5): (2.5942467605078283,3.1942467605078284,3.7942467605078285)
L_3(5): (3.352852419372109,3.952852419372109,4.552852419372109)
L_4(5): (3.91723355381676,4.51723355381676,5.117233553816759)


@Number of Labels in Variable 3: 5
petalLength:
L_0(5): (-0.6229210148316336,0.8520789851683664,2.3270789851683666)
L_1(5): (1.6772708872548676,3.1522708872548675,4.627270887254868)
L_2(5): (2.412843857758594,3.887843857758594,5.362843857758595)
L_3(5): (4.01345461979277,5.488454619792771,6.9634546197927705)
L_4(5): (4.967745331966928,6.442745331966927,7.917745331966927)


@Number of Labels in Variable 4: 5
petalWidth:
L_0(5): (-0.6420766546831556,-0.04207665468315555,0.5579233453168444)
L_1(5): (-0.15220703967181728,0.44779296032818267,1.0477929603281828)
L_2(5): (0.6953035930664341,1.2953035930664343,1.8953035930664341)
L_3(5): (1.0038327720128106,1.6038327720128107,2.203832772012811)
L_4(5): (1.6751553857290564,2.2751553857290565,2.8751553857290566)
