@Using Triangular Membership Functions as antecedent fuzzy sets

@Number of Labels in Variable 1: 2
Native:
L_0(2): (0.0,1.0,2.0)
L_1(2): (1.0,2.0,3.0)


@Number of Labels in Variable 2: 5
Instructor:
L_0(5): (-5.564609010486648,0.4353909895133521,6.435390989513352)
L_1(5): (0.20856844938494534,6.208568449384945,12.208568449384945)
L_2(5): (4.7652282255332805,10.765228225533281,16.76522822553328)
L_3(5): (12.082847179266267,18.082847179266267,24.082847179266267)
L_4(5): (18.69947492444367,24.69947492444367,30.69947492444367)


@Number of Labels in Variable 3: 5
Course:
L_0(5): (-6.957586253774842,-0.7075862537748419,5.542413746225158)
L_1(5): (1.0381573025422384,7.288157302542238,13.538157302542238)
L_2(5): (6.2115823670474555,12.461582367047455,18.711582367047455)
L_3(5): (14.527608630428217,20.777608630428215,27.027608630428215)
L_4(5): (19.810324975129816,26.060324975129816,32.31032497512982)


@Number of Labels in Variable 4: 2
Semester:
L_0(2): (0.0,1.0,2.0)
L_1(2): (1.0,2.0,3.0)


@Number of Labels in Variable 5: 5
Size:
L_0(5): (-14.29573799331849,1.454262006681511,17.20426200668151)
L_1(5): (-2.246490715223687,13.503509284776314,29.253509284776314)
L_2(5): (21.953173587978593,37.7031735879786,53.4531735879786)
L_3(5): (40.7303498799979,56.4803498799979,72.2303498799979)
L_4(5): (47.987164452907734,63.737164452907734,79.48716445290773)
