@Using Triangular Membership Functions as antecedent fuzzy sets

@Number of Labels in Variable 1: 2
Native:
L_0(2): (0.0,1.0,2.0)
L_1(2): (1.0,2.0,3.0)


@Number of Labels in Variable 2: 5
Instructor:
L_0(5): (-4.217500386429906,1.7824996135700943,7.782499613570094)
L_1(5): (-0.40987884771679584,5.590121152283205,11.590121152283205)
L_2(5): (6.679415108199266,12.679415108199265,18.679415108199265)
L_3(5): (12.992877912058065,18.992877912058066,24.992877912058066)
L_4(5): (16.115414121239326,22.115414121239326,28.115414121239326)


@Number of Labels in Variable 3: 5
Course:
L_0(5): (-4.302746093158918,1.9472539068410821,8.197253906841082)
L_1(5): (0.7192637080601959,6.969263708060196,13.219263708060195)
L_2(5): (7.762726363588179,14.012726363588179,20.26272636358818)
L_3(5): (13.769226388621892,20.01922638862189,26.26922638862189)
L_4(5): (19.24370746656477,25.49370746656477,31.74370746656477)


@Number of Labels in Variable 4: 2
Semester:
L_0(2): (0.0,1.0,2.0)
L_1(2): (1.0,2.0,3.0)


@Number of Labels in Variable 5: 5
Size:
L_0(5): (-11.601432253811495,4.148567746188505,19.898567746188505)
L_1(5): (4.104687888207933,19.854687888207934,35.604687888207934)
L_2(5): (25.037084004120377,40.78708400412037,56.53708400412037)
L_3(5): (33.00353387183171,48.75353387183171,64.50353387183172)
L_4(5): (45.71544349752509,61.46544349752509,77.21544349752509)
