@Using Triangular Membership Functions as antecedent fuzzy sets

@Number of Labels in Variable 1: 2
Native:
L_0(2): (0.0,1.0,2.0)
L_1(2): (1.0,2.0,3.0)


@Number of Labels in Variable 2: 5
Instructor:
L_0(5): (-4.155073284557899,1.8449267154421014,7.844926715442101)
L_1(5): (3.942819109824354,9.942819109824354,15.942819109824354)
L_2(5): (4.33057597797259,10.33057597797259,16.33057597797259)
L_3(5): (12.460950702823098,18.460950702823098,24.460950702823098)
L_4(5): (19.264938351949393,25.264938351949393,31.264938351949393)


@Number of Labels in Variable 3: 5
Course:
L_0(5): (-6.7654592484628795,-0.5154592484628793,5.7345407515371205)
L_1(5): (2.897688016350842,9.147688016350843,15.397688016350843)
L_2(5): (9.239332768066733,15.489332768066733,21.73933276806673)
L_3(5): (13.244535566583714,19.494535566583714,25.744535566583714)
L_4(5): (18.52006933322658,24.77006933322658,31.02006933322658)


@Number of Labels in Variable 4: 2
Semester:
L_0(2): (0.0,1.0,2.0)
L_1(2): (1.0,2.0,3.0)


@Number of Labels in Variable 5: 5
Size:
L_0(5): (-19.778117586084402,-4.028117586084401,11.721882413915598)
L_1(5): (-4.061743112257517,11.688256887742483,27.438256887742483)
L_2(5): (17.439994186956,33.189994186956,48.939994186956)
L_3(5): (33.15320016199284,48.90320016199284,64.65320016199284)
L_4(5): (46.6308188421243,62.3808188421243,78.1308188421243)
