@Using Triangular Membership Functions as antecedent fuzzy sets

@Number of Labels in Variable 1: 5
Class:
L_0(5): (-2.3952947766907537,-1.6865447766907535,-0.9777947766907534)
L_1(5): (-2.133154108727739,-1.4244041087277388,-0.7156541087277389)
L_2(5): (-0.92744662145947,-0.21869662145947003,0.49005337854052977)
L_3(5): (-0.5781984121281379,0.1305515878718618,0.8393015878718622)
L_4(5): (0.1786074057354517,0.8873574057354521,1.596107405735452)


@Number of Labels in Variable 2: 5
Age:
L_0(5): (-1.4451934265514335,-0.2931934265514335,0.8588065734485665)
L_1(5): (-0.21200278171836318,0.9399972182816367,2.0919972182816364)
L_2(5): (0.7414713575197325,1.8934713575197322,3.045471357519732)
L_3(5): (1.5046529216654352,2.656652921665435,3.8086529216654355)
L_4(5): (3.14840151474074,4.300401514740741,5.452401514740741)


@Number of Labels in Variable 3: 5
Sex:
L_0(5): (-2.5458336231232814,-1.9355836231232815,-1.3253336231232815)
L_1(5): (-2.17643338940651,-1.5661833894065103,-0.9559333894065103)
L_2(5): (-1.1959138805541774,-0.5856638805541775,0.02458611944582248)
L_3(5): (-0.8513563293359152,-0.24110632933591528,0.3691436706640848)
L_4(5): (-0.1400164102831047,0.4702335897168954,1.080483589716895)
