@Using Triangular Membership Functions as antecedent fuzzy sets

@Number of Labels in Variable 1: 5
Class:
L_0(5): (-2.3241846590045494,-1.6154346590045494,-0.9066846590045494)
L_1(5): (-1.859485807464042,-1.150735807464042,-0.441985807464042)
L_2(5): (-0.9021484551136285,-0.19339845511362852,0.5153515448863712)
L_3(5): (-0.5328015583413089,0.17594844165869084,0.8846984416586912)
L_4(5): (0.08644567753031687,0.7951956775303172,1.5039456775303173)


@Number of Labels in Variable 2: 5
Age:
L_0(5): (-1.2489686564933884,-0.0969686564933886,1.0550313435066114)
L_1(5): (0.09845668522080761,1.2504566852208074,2.402456685220807)
L_2(5): (1.347568384987087,2.4995683849870867,3.6515683849870864)
L_3(5): (2.357706827790312,3.509706827790312,4.661706827790312)
L_4(5): (3.643682434323704,4.795682434323704,5.9476824343237045)


@Number of Labels in Variable 3: 5
Sex:
L_0(5): (-2.5683031574230437,-1.9580531574230438,-1.3478031574230438)
L_1(5): (-1.9254436954549192,-1.3151936954549193,-0.7049436954549192)
L_2(5): (-1.2437688484999616,-0.6335188484999618,-0.023268848499961803)
L_3(5): (-0.7333927040604304,-0.12314270406043047,0.4871072959395696)
L_4(5): (-0.1260737047743716,0.48417629522562844,1.094426295225628)
