@Using Triangular Membership Functions as antecedent fuzzy sets

@Number of Labels in Variable 1: 5
Class:
L_0(5): (-2.2830183402746944,-1.5742683402746942,-0.8655183402746942)
L_1(5): (-1.6450852668368685,-0.9363352668368685,-0.22758526683686858)
L_2(5): (-1.1462109426293725,-0.4374609426293725,0.27128905737062725)
L_3(5): (-0.456050765754011,0.2526992342459888,0.9614492342459892)
L_4(5): (-0.07883019642392036,0.62991980357608,1.33866980357608)


@Number of Labels in Variable 2: 5
Age:
L_0(5): (-0.8505817088226516,0.3014182911773483,1.453418291177348)
L_1(5): (-0.024355941679769816,1.12764405832023,2.2796440583202298)
L_2(5): (0.6348408555957782,1.786840855595778,2.9388408555957777)
L_3(5): (2.4246798210359284,3.576679821035928,4.728679821035929)
L_4(5): (3.3744954008526014,4.5264954008526015,5.678495400852602)


@Number of Labels in Variable 3: 5
Sex:
L_0(5): (-2.6114429175288594,-2.0011929175288596,-1.3909429175288595)
L_1(5): (-2.0071194188913393,-1.3968694188913395,-0.7866194188913395)
L_2(5): (-1.1729483184940925,-0.5626983184940926,0.047551681505907356)
L_3(5): (-0.545150926445361,0.06509907355463893,0.675349073554639)
L_4(5): (0.17092401239604693,0.781174012396047,1.3914240123960466)
