@Using Triangular Membership Functions as antecedent fuzzy sets

@Number of Labels in Variable 1: 5
Class:
L_0(5): (-2.612341445830592,-1.9035914458305918,-1.1948414458305918)
L_1(5): (-1.8971398349066577,-1.1883898349066577,-0.4796398349066576)
L_2(5): (-1.0362194240665816,-0.32746942406658164,0.38128057593341813)
L_3(5): (-0.5559093225002639,0.15284067749973587,0.8615906774997362)
L_4(5): (-0.04096598394100259,0.6677840160589977,1.3765340160589978)


@Number of Labels in Variable 2: 5
Age:
L_0(5): (-1.5269505642810448,-0.374950564281045,0.777049435718955)
L_1(5): (-0.39255655120190225,0.7594434487980977,1.9114434487980974)
L_2(5): (0.770412751327201,1.9224127513272007,3.0744127513272006)
L_3(5): (2.3953110798397357,3.5473110798397354,4.699311079839736)
L_4(5): (3.277183354689154,4.429183354689155,5.581183354689155)


@Number of Labels in Variable 3: 5
Sex:
L_0(5): (-2.574324258199523,-1.9640742581995232,-1.3538242581995232)
L_1(5): (-1.8192731136705342,-1.2090231136705343,-0.5987731136705343)
L_2(5): (-1.2375311460724134,-0.6272811460724136,-0.017031146072413614)
L_3(5): (-0.48876248063070904,0.12148751936929092,0.731737519369291)
L_4(5): (-0.14664441818064788,0.4636055818193522,1.0738555818193518)
