@Using Triangular Membership Functions as antecedent fuzzy sets

@Number of Labels in Variable 1: 5
Class:
L_0(5): (-2.497044191988244,-1.7882941919882436,-1.0795441919882436)
L_1(5): (-1.5928831689847904,-0.8841331689847904,-0.1753831689847905)
L_2(5): (-1.1408146528664131,-0.43206465286641327,0.2766853471335865)
L_3(5): (-0.721546219801213,-0.012796219801213315,0.695953780198787)
L_4(5): (0.21517306274188797,0.9239230627418883,1.6326730627418884)


@Number of Labels in Variable 2: 5
Age:
L_0(5): (-1.2244488923629038,-0.07244889236290389,1.079551107637096)
L_1(5): (-0.7515501624045421,0.4004498375954578,1.5524498375954576)
L_2(5): (1.4819252085169117,2.6339252085169114,3.785925208516911)
L_3(5): (2.482447450296241,3.6344474502962405,4.786447450296241)
L_4(5): (2.9962394400410934,4.1482394400410945,5.300239440041095)


@Number of Labels in Variable 3: 5
Sex:
L_0(5): (-2.438593628085984,-1.8283436280859842,-1.2180936280859842)
L_1(5): (-1.8686992365401034,-1.2584492365401034,-0.6481992365401035)
L_2(5): (-1.1746324277619007,-0.5643824277619006,0.04586757223809931)
L_3(5): (-0.6413620435750575,-0.031112043575057577,0.5791379564249425)
L_4(5): (-0.15088949528107898,0.4593605047189211,1.0696105047189208)
