@Using Triangular Membership Functions as antecedent fuzzy sets

@Number of Labels in Variable 1: 5
At1:
L_0(5): (-4.423894465643977,-2.9488944656439777,-1.4738944656439779)
L_1(5): (-3.6849135789357574,-2.2099135789357574,-0.7349135789357572)
L_2(5): (-1.769017325276992,-0.294017325276992,1.1809826747230086)
L_3(5): (0.1839226693899671,1.6589226693899677,3.1339226693899667)
L_4(5): (1.1664765217703332,2.6414765217703327,4.116476521770332)


@Number of Labels in Variable 2: 5
At2:
L_0(5): (-3.2586065722552324,-1.8636065722552324,-0.4686065722552323)
L_1(5): (-2.7383886641458663,-1.3433886641458663,0.0516113358541338)
L_2(5): (-1.4001520716974691,-0.005152071697469174,1.3898479283025313)
L_3(5): (0.19060516824907522,1.5856051682490757,2.9806051682490753)
L_4(5): (1.872410322782904,3.2674103227829034,4.662410322782903)
