@Using Triangular Membership Functions as antecedent fuzzy sets

@Number of Labels in Variable 1: 5
At1:
L_0(5): (-4.595090301603956,-3.120090301603956,-1.645090301603956)
L_1(5): (-3.8122055728880113,-2.3372055728880112,-0.8622055728880113)
L_2(5): (-1.7156653449329589,-0.24066534493295882,1.2343346550670418)
L_3(5): (0.1487415139998422,1.6237415139998428,3.0987415139998418)
L_4(5): (1.2308427345457285,2.705842734545728,4.1808427345457275)


@Number of Labels in Variable 2: 5
At2:
L_0(5): (-4.195972122477275,-2.8009721224772743,-1.4059721224772745)
L_1(5): (-2.887742443738043,-1.492742443738043,-0.09774244373804286)
L_2(5): (-1.3462740001875277,0.04872599981247233,1.4437259998124727)
L_3(5): (0.11604035244083871,1.5110403524408391,2.9060403524408387)
L_4(5): (1.5114686873761272,2.906468687376127,4.301468687376126)
