@Using Triangular Membership Functions as antecedent fuzzy sets

@Number of Labels in Variable 1: 5
At1:
L_0(5): (-4.789942109462487,-3.3149421094624874,-1.8399421094624873)
L_1(5): (-3.500482679178141,-2.0254826791781415,-0.5504826791781412)
L_2(5): (-1.8913807710327564,-0.4163807710327563,1.0586192289672443)
L_3(5): (0.13363818780501524,1.6086381878050158,3.0836381878050148)
L_4(5): (1.4633320980270919,2.938332098027091,4.413332098027091)


@Number of Labels in Variable 2: 5
At2:
L_0(5): (-3.3925028799796464,-1.9975028799796464,-0.6025028799796464)
L_1(5): (-2.8834639748804123,-1.488463974880412,-0.09346397488041208)
L_2(5): (-1.2802238551121685,0.1147761448878315,1.509776144887832)
L_3(5): (-0.11970350635131621,1.2752964936486841,2.6702964936486837)
L_4(5): (1.361743510756114,2.7567435107561136,4.151743510756113)
