@Using Triangular Membership Functions as antecedent fuzzy sets

@Number of Labels in Variable 1: 5
At1:
L_0(5): (-4.68564715496754,-3.21064715496754,-1.7356471549675399)
L_1(5): (-3.7939383194805476,-2.318938319480548,-0.8439383194805476)
L_2(5): (-1.71708586844107,-0.24208586844106972,1.2329141315589307)
L_3(5): (0.17773790817579693,1.6527379081757974,3.1277379081757966)
L_4(5): (1.687971366730857,3.162971366730856,4.637971366730857)


@Number of Labels in Variable 2: 5
At2:
L_0(5): (-4.295250081341617,-2.9002500813416177,-1.5052500813416176)
L_1(5): (-2.9576065488200896,-1.5626065488200895,-0.16760654882008963)
L_2(5): (-1.3163883027505083,0.07861169724949169,1.4736116972494921)
L_3(5): (0.13771776356531112,1.5327177635653115,2.9277177635653113)
L_4(5): (1.4568309791441547,2.8518309791441543,4.246830979144153)
