@Using Triangular Membership Functions as antecedent fuzzy sets

@Number of Labels in Variable 1: 5
At1:
L_0(5): (-4.117761986866238,-2.642761986866238,-1.167761986866238)
L_1(5): (-3.7820183787927757,-2.3070183787927756,-0.8320183787927755)
L_2(5): (-1.6893237823968565,-0.2143237823968565,1.260676217603144)
L_3(5): (0.17128568169684577,1.6462856816968463,3.1212856816968455)
L_4(5): (1.8700901503193281,3.3450901503193275,4.820090150319327)


@Number of Labels in Variable 2: 5
At2:
L_0(5): (-4.23726177853492,-2.8422617785349207,-1.4472617785349204)
L_1(5): (-2.857515171413751,-1.462515171413751,-0.06751517141375107)
L_2(5): (-1.4034187010871633,-0.008418701087163305,1.3865812989128372)
L_3(5): (0.16649391000981775,1.5614939100098182,2.9564939100098178)
L_4(5): (2.005485139507616,3.4004851395076154,4.795485139507615)
