@Using Triangular Membership Functions as antecedent fuzzy sets

@Number of Labels in Variable 1: 5
At1:
L_0(5): (-5.1469525936493286,-3.671952593649329,-2.1969525936493284)
L_1(5): (-3.218318163547987,-1.743318163547987,-0.268318163547987)
L_2(5): (-1.9487245646877285,-0.4737245646877284,1.0012754353122721)
L_3(5): (0.23051065280795863,1.705510652807959,3.1805106528079583)
L_4(5): (0.8679930877547627,2.342993087754762,3.817993087754762)


@Number of Labels in Variable 2: 5
At2:
L_0(5): (-3.756217967470466,-2.361217967470466,-0.966217967470466)
L_1(5): (-2.960688715816621,-1.5656887158166208,-0.17068871581662093)
L_2(5): (-1.1524929869221046,0.24250701307789535,1.637507013077896)
L_3(5): (-0.1853843985857072,1.2096156014142934,2.604615601414293)
L_4(5): (1.8472371343831513,3.2422371343831506,4.63723713438315)
