@Using Triangular Membership Functions as antecedent fuzzy sets

@Number of Labels in Variable 1: 5
At1:
L_0(5): (-4.836391784056386,-3.3613917840563863,-1.8863917840563862)
L_1(5): (-3.3083361809711245,-1.8333361809711244,-0.3583361809711243)
L_2(5): (-2.0179901503266127,-0.5429901503266126,0.932009849673388)
L_3(5): (0.11873237208597409,1.5937323720859746,3.068732372085974)
L_4(5): (1.440801791376664,2.915801791376663,4.3908017913766635)


@Number of Labels in Variable 2: 5
At2:
L_0(5): (-3.7096707296597256,-2.3146707296597255,-0.9196707296597257)
L_1(5): (-2.8672628765938764,-1.4722628765938763,-0.07726287659387626)
L_2(5): (-1.298208724067623,0.09679127593237707,1.4917912759323775)
L_3(5): (0.25945093885548376,1.6544509388554842,3.049450938855484)
L_4(5): (1.6260360844286588,3.0210360844286583,4.416036084428657)
