@Using Triangular Membership Functions as antecedent fuzzy sets

@Number of Labels in Variable 1: 5
At1:
L_0(5): (-4.922127728499886,-3.4471277284998862,-1.9721277284998862)
L_1(5): (-3.8191541291815634,-2.3441541291815633,-0.8691541291815633)
L_2(5): (-1.7345400171058512,-0.25954001710585095,1.2154599828941495)
L_3(5): (0.2179952777580243,1.6929952777580248,3.167995277758024)
L_4(5): (0.9641443099968605,2.43914430999686,3.9141443099968596)


@Number of Labels in Variable 2: 5
At2:
L_0(5): (-4.204371468368263,-2.809371468368263,-1.414371468368263)
L_1(5): (-2.8529100632704427,-1.4579100632704425,-0.06291006327044246)
L_2(5): (-1.408774034821295,-0.0137740348212948,1.3812259651787056)
L_3(5): (0.13051960161956533,1.5255196016195658,2.9205196016195654)
L_4(5): (1.3723064779646528,2.7673064779646523,4.162306477964652)
