@Using Triangular Membership Functions as antecedent fuzzy sets

@Number of Labels in Variable 1: 5
left-weight:
L_0(5): (-0.006022724136855839,0.9939772758631442,1.9939772758631442)
L_1(5): (0.5354397048421886,1.5354397048421886,2.535439704842189)
L_2(5): (1.7623724085742765,2.7623724085742762,3.7623724085742762)
L_3(5): (3.2864023125142605,4.2864023125142605,5.2864023125142605)
L_4(5): (3.688482082281247,4.688482082281247,5.688482082281247)


@Number of Labels in Variable 2: 5
left-distance:
L_0(5): (-0.026910999540484093,0.9730890004595159,1.9730890004595159)
L_1(5): (0.5519206565074197,1.5519206565074197,2.5519206565074195)
L_2(5): (2.114979518540383,3.114979518540383,4.114979518540383)
L_3(5): (3.417457958229461,4.417457958229461,5.417457958229461)
L_4(5): (4.388169108082149,5.388169108082149,6.388169108082149)


@Number of Labels in Variable 3: 5
right-weight:
L_0(5): (0.22915967024421358,1.2291596702442136,2.2291596702442136)
L_1(5): (0.5670076233042618,1.5670076233042618,2.567007623304262)
L_2(5): (1.7433595458139468,2.743359545813947,3.743359545813947)
L_3(5): (3.296433487698202,4.296433487698202,5.296433487698202)
L_4(5): (4.135117964798297,5.135117964798297,6.135117964798297)


@Number of Labels in Variable 4: 5
right-distance:
L_0(5): (-0.014556231118898477,0.9854437688811015,1.9854437688811015)
L_1(5): (1.3046193696371695,2.3046193696371695,3.3046193696371695)
L_2(5): (1.9179169854501708,2.9179169854501708,3.9179169854501708)
L_3(5): (3.0636408457271025,4.063640845727103,5.063640845727103)
L_4(5): (4.319983714968193,5.319983714968193,6.319983714968193)
