@Using Triangular Membership Functions as antecedent fuzzy sets

@Number of Labels in Variable 1: 5
left-weight:
L_0(5): (0.16360927171346806,1.163609271713468,2.163609271713468)
L_1(5): (1.3474356684354523,2.3474356684354523,3.3474356684354523)
L_2(5): (2.076256879037934,3.076256879037934,4.076256879037934)
L_3(5): (3.310510291632642,4.310510291632642,5.310510291632642)
L_4(5): (3.7185802849961194,4.718580284996119,5.718580284996119)


@Number of Labels in Variable 2: 5
left-distance:
L_0(5): (0.07405564897678596,1.074055648976786,2.074055648976786)
L_1(5): (0.5984534565962167,1.5984534565962167,2.598453456596217)
L_2(5): (1.586811169586473,2.586811169586473,3.586811169586473)
L_3(5): (3.374888564627658,4.374888564627658,5.374888564627658)
L_4(5): (3.7873971446858694,4.78739714468587,5.78739714468587)


@Number of Labels in Variable 3: 5
right-weight:
L_0(5): (0.05302924133210174,1.0530292413321019,2.053029241332102)
L_1(5): (0.7938888331712488,1.7938888331712488,2.793888833171249)
L_2(5): (1.9253852375555986,2.9253852375555986,3.9253852375555986)
L_3(5): (3.206241834767158,4.206241834767158,5.206241834767158)
L_4(5): (4.207838501873449,5.207838501873449,6.207838501873449)


@Number of Labels in Variable 4: 5
right-distance:
L_0(5): (-0.25456966036939055,0.7454303396306095,1.7454303396306095)
L_1(5): (0.5388206288618769,1.5388206288618769,2.5388206288618766)
L_2(5): (2.2631944928011025,3.2631944928011025,4.2631944928011025)
L_3(5): (2.7115097980683145,3.7115097980683145,4.711509798068314)
L_4(5): (3.7196603424815846,4.719660342481585,5.719660342481585)
