@Using Triangular Membership Functions as antecedent fuzzy sets

@Number of Labels in Variable 1: 5
left-weight:
L_0(5): (-0.05102410194239637,0.9489758980576036,1.9489758980576037)
L_1(5): (1.2958754074748424,2.2958754074748424,3.2958754074748424)
L_2(5): (1.842451557932297,2.8424515579322973,3.8424515579322973)
L_3(5): (3.0523209097676745,4.0523209097676745,5.0523209097676745)
L_4(5): (3.7499128908447275,4.749912890844728,5.749912890844728)


@Number of Labels in Variable 2: 5
left-distance:
L_0(5): (-0.16707502350411962,0.8329249764958804,1.8329249764958804)
L_1(5): (0.5177802268387133,1.5177802268387133,2.5177802268387133)
L_2(5): (2.140813697805758,3.140813697805758,4.140813697805759)
L_3(5): (3.2322904027018473,4.232290402701847,5.232290402701847)
L_4(5): (4.064530340958802,5.064530340958802,6.064530340958802)


@Number of Labels in Variable 3: 5
right-weight:
L_0(5): (-0.0034856995141996916,0.9965143004858004,1.9965143004858004)
L_1(5): (0.5374839367333881,1.5374839367333881,2.537483936733388)
L_2(5): (2.387120666219305,3.387120666219305,4.387120666219305)
L_3(5): (2.7233616799680105,3.7233616799680105,4.7233616799680105)
L_4(5): (4.177785021308257,5.177785021308257,6.177785021308257)


@Number of Labels in Variable 4: 5
right-distance:
L_0(5): (-0.06602048538884941,0.9339795146111506,1.9339795146111505)
L_1(5): (0.5962039650566259,1.5962039650566258,2.5962039650566258)
L_2(5): (1.8002130686791433,2.800213068679143,3.800213068679143)
L_3(5): (2.892696595783671,3.892696595783671,4.892696595783671)
L_4(5): (3.9251162727020614,4.925116272702061,5.925116272702061)
