@Using Triangular Membership Functions as antecedent fuzzy sets

@Number of Labels in Variable 1: 5
left-weight:
L_0(5): (-0.02205559612816138,0.9779444038718386,1.9779444038718386)
L_1(5): (0.5508208077957321,1.550820807795732,2.550820807795732)
L_2(5): (2.2981205793320094,3.2981205793320094,4.298120579332009)
L_3(5): (3.0813034967973607,4.081303496797361,5.081303496797361)
L_4(5): (3.841312891731494,4.841312891731493,5.841312891731493)


@Number of Labels in Variable 2: 5
left-distance:
L_0(5): (-0.2437958700331745,0.7562041299668255,1.7562041299668256)
L_1(5): (1.1431295844447922,2.143129584444792,3.143129584444792)
L_2(5): (2.2119789126747156,3.2119789126747156,4.211978912674716)
L_3(5): (3.2795795698094263,4.279579569809426,5.279579569809426)
L_4(5): (3.8939079906214573,4.893907990621457,5.893907990621457)


@Number of Labels in Variable 3: 5
right-weight:
L_0(5): (-0.22150091248158704,0.778499087518413,1.778499087518413)
L_1(5): (1.3760580834706255,2.3760580834706255,3.3760580834706255)
L_2(5): (2.3474065120732917,3.3474065120732917,4.347406512073292)
L_3(5): (2.788873066741973,3.788873066741973,4.788873066741973)
L_4(5): (3.8293152077573094,4.829315207757309,5.829315207757309)


@Number of Labels in Variable 4: 5
right-distance:
L_0(5): (-0.248834836967199,0.751165163032801,1.751165163032801)
L_1(5): (0.6071463548252231,1.6071463548252232,2.607146354825223)
L_2(5): (2.401138256741147,3.401138256741147,4.401138256741147)
L_3(5): (2.9078362587543807,3.9078362587543807,4.90783625875438)
L_4(5): (3.910218833884064,4.910218833884064,5.910218833884064)
