@Using Triangular Membership Functions as antecedent fuzzy sets

@Number of Labels in Variable 1: 5
left-weight:
L_0(5): (-0.1182014832896992,0.8817985167103009,1.8817985167103009)
L_1(5): (0.6939341939695638,1.6939341939695638,2.693934193969564)
L_2(5): (1.8203680614833293,2.8203680614833293,3.8203680614833293)
L_3(5): (3.315222120667214,4.315222120667214,5.315222120667214)
L_4(5): (3.695514299515569,4.695514299515569,5.695514299515569)


@Number of Labels in Variable 2: 5
left-distance:
L_0(5): (0.09948399302485977,1.0994839930248599,2.09948399302486)
L_1(5): (0.6464929077652382,1.6464929077652382,2.6464929077652384)
L_2(5): (1.616922521525204,2.616922521525204,3.616922521525204)
L_3(5): (3.2254030498013586,4.225403049801359,5.225403049801359)
L_4(5): (4.302684016633326,5.302684016633326,6.302684016633326)


@Number of Labels in Variable 3: 5
right-weight:
L_0(5): (0.11760196779384147,1.1176019677938416,2.1176019677938416)
L_1(5): (0.6488783043916316,1.6488783043916317,2.6488783043916317)
L_2(5): (1.7248277329169666,2.7248277329169666,3.7248277329169666)
L_3(5): (3.2670316483710415,4.2670316483710415,5.2670316483710415)
L_4(5): (3.954126366448992,4.9541263664489925,5.9541263664489925)


@Number of Labels in Variable 4: 5
right-distance:
L_0(5): (0.2266806441269843,1.2266806441269842,2.226680644126984)
L_1(5): (0.5036472369371515,1.5036472369371516,2.5036472369371516)
L_2(5): (1.6595639595899083,2.6595639595899083,3.6595639595899083)
L_3(5): (3.1378966116993112,4.137896611699311,5.137896611699311)
L_4(5): (4.048971813529142,5.048971813529142,6.048971813529142)
