@Using Triangular Membership Functions as antecedent fuzzy sets

@Number of Labels in Variable 1: 5
Age:
L_0(5): (13.564620252963989,26.814620252963987,40.06462025296399)
L_1(5): (30.139189739835313,43.38918973983532,56.63918973983532)
L_2(5): (38.91341219917851,52.16341219917851,65.41341219917851)
L_3(5): (56.3156845355653,69.56568453556531,82.81568453556531)
L_4(5): (74.88948330599115,88.13948330599115,101.38948330599115)


@Number of Labels in Variable 2: 5
Year:
L_0(5): (54.08183836380731,56.83183836380731,59.58183836380731)
L_1(5): (58.347321196787775,61.097321196787775,63.847321196787775)
L_2(5): (61.1344225896231,63.8844225896231,66.6344225896231)
L_3(5): (63.2931664482747,66.04316644827469,68.79316644827469)
L_4(5): (67.03892428292322,69.78892428292322,72.53892428292322)


@Number of Labels in Variable 3: 5
Positive:
L_0(5): (-8.572018866994787,4.427981133005213,17.42798113300521)
L_1(5): (-2.5942852451824443,10.405714754817556,23.405714754817556)
L_2(5): (10.81231916059322,23.81231916059322,36.81231916059322)
L_3(5): (23.11075114986619,36.11075114986619,49.11075114986619)
L_4(5): (37.74336459768446,50.74336459768446,63.74336459768446)
