@Using Triangular Membership Functions as antecedent fuzzy sets

@Number of Labels in Variable 1: 5
Age:
L_0(5): (17.704341348798692,30.954341348798692,44.20434134879869)
L_1(5): (27.837229630143813,41.08722963014381,54.33722963014381)
L_2(5): (44.993728105806696,58.243728105806696,71.4937281058067)
L_3(5): (51.85543564403053,65.10543564403054,78.35543564403054)
L_4(5): (74.48708983646571,87.73708983646571,100.98708983646571)


@Number of Labels in Variable 2: 5
Year:
L_0(5): (54.295352291139174,57.045352291139174,59.795352291139174)
L_1(5): (57.88140990713182,60.63140990713182,63.38140990713182)
L_2(5): (61.82084845044341,64.5708484504434,67.3208484504434)
L_3(5): (64.80817486394467,67.55817486394467,70.30817486394467)
L_4(5): (66.97143489113445,69.72143489113445,72.47143489113445)


@Number of Labels in Variable 3: 5
Positive:
L_0(5): (-14.337731443705673,-1.3377314437056729,11.662268556294327)
L_1(5): (0.24004732480455104,13.240047324804552,26.24004732480455)
L_2(5): (15.032727226761722,28.032727226761722,41.03272722676172)
L_3(5): (22.36296059189982,35.36296059189982,48.36296059189982)
L_4(5): (35.76149585638768,48.76149585638768,61.76149585638768)
