@Using Triangular Membership Functions as antecedent fuzzy sets

@Number of Labels in Variable 1: 5
Age:
L_0(5): (19.75497433842302,33.00497433842302,46.25497433842302)
L_1(5): (25.130090574762335,38.380090574762335,51.630090574762335)
L_2(5): (47.339934386627135,60.589934386627135,73.83993438662714)
L_3(5): (54.597119959114636,67.84711995911464,81.09711995911464)
L_4(5): (72.27246697963353,85.52246697963353,98.77246697963353)


@Number of Labels in Variable 2: 5
Year:
L_0(5): (56.605100457266275,59.355100457266275,62.105100457266275)
L_1(5): (58.39786552078593,61.14786552078593,63.89786552078593)
L_2(5): (61.26396531004167,64.01396531004167,66.76396531004167)
L_3(5): (62.970844383204344,65.72084438320434,68.47084438320434)
L_4(5): (66.44133928231376,69.19133928231376,71.94133928231376)


@Number of Labels in Variable 3: 5
Positive:
L_0(5): (-8.915295964293732,4.0847040357062685,17.084704035706267)
L_1(5): (1.5097200626794574,14.509720062679458,27.509720062679456)
L_2(5): (15.326872246282397,28.3268722462824,41.3268722462824)
L_3(5): (24.88309839275448,37.88309839275448,50.88309839275448)
L_4(5): (36.70869092132841,49.70869092132841,62.70869092132841)
