@Using Triangular Membership Functions as antecedent fuzzy sets

@Number of Labels in Variable 1: 5
Age:
L_0(5): (12.548253616078108,25.798253616078107,39.04825361607811)
L_1(5): (26.944821978822866,40.194821978822866,53.444821978822866)
L_2(5): (44.90461848549476,58.15461848549476,71.40461848549475)
L_3(5): (56.331521298954335,69.58152129895433,82.83152129895433)
L_4(5): (70.02011596142583,83.27011596142583,96.52011596142583)


@Number of Labels in Variable 2: 5
Year:
L_0(5): (54.27620150405765,57.02620150405765,59.77620150405765)
L_1(5): (57.99734835817894,60.74734835817894,63.49734835817894)
L_2(5): (60.77400338317156,63.52400338317156,66.27400338317156)
L_3(5): (64.28000999637254,67.03000999637254,69.78000999637254)
L_4(5): (65.8895501392309,68.6395501392309,71.3895501392309)


@Number of Labels in Variable 3: 5
Positive:
L_0(5): (-14.96544161642535,-1.9654416164253505,11.03455838357465)
L_1(5): (-2.8712962170823,10.1287037829177,23.1287037829177)
L_2(5): (11.943616025044147,24.943616025044147,37.94361602504415)
L_3(5): (26.744136721500954,39.74413672150096,52.74413672150096)
L_4(5): (39.31533051659533,52.31533051659533,65.31533051659534)
