@Using Triangular Membership Functions as antecedent fuzzy sets

@Number of Labels in Variable 1: 5
At1:
L_0(5): (-4.728476587328563,-3.253476587328564,-1.7784765873285637)
L_1(5): (-3.748089326989896,-2.2730893269898953,-0.7980893269898954)
L_2(5): (-1.7807700078313244,-0.30577000783132435,1.1692299921686762)
L_3(5): (0.20903807398249807,1.6840380739824985,3.1590380739824977)
L_4(5): (1.5857092601636058,3.060709260163605,4.535709260163605)


@Number of Labels in Variable 2: 5
At2:
L_0(5): (-4.191413968424219,-2.7964139684242184,-1.4014139684242184)
L_1(5): (-2.8481773285710883,-1.4531773285710885,-0.05817732857108843)
L_2(5): (-1.4148553466686162,-0.019855346668616214,1.3751446533313842)
L_3(5): (0.2472626632819241,1.6422626632819246,3.037262663281924)
L_4(5): (2.484491517542742,3.8794915175427414,5.2744915175427405)
