@Using Triangular Membership Functions as antecedent fuzzy sets

@Number of Labels in Variable 1: 5
At1:
L_0(5): (-5.275765857402688,-3.8007658574026886,-2.325765857402688)
L_1(5): (-3.1858273434121527,-1.7108273434121526,-0.23582734341215256)
L_2(5): (-2.0209203872274335,-0.5459203872274333,0.9290796127725672)
L_3(5): (0.2613202632349746,1.7363202632349752,3.2113202632349744)
L_4(5): (1.6422772769188807,3.11727727691888,4.59227727691888)


@Number of Labels in Variable 2: 5
At2:
L_0(5): (-3.4656707058246288,-2.0706707058246288,-0.6756707058246288)
L_1(5): (-2.9861827348906225,-1.5911827348906225,-0.19618273489062232)
L_2(5): (-1.1337039483940556,0.2612960516059445,1.6562960516059448)
L_3(5): (-0.21846433762029427,1.176535662379706,2.5715356623797057)
L_4(5): (1.7018293048558946,3.0968293048558944,4.4918293048558935)
