@Using Triangular Membership Functions as antecedent fuzzy sets

@Number of Labels in Variable 1: 5
At1:
L_0(5): (-4.691443998849748,-3.2164439988497486,-1.7414439988497485)
L_1(5): (-3.626275343699953,-2.151275343699953,-0.676275343699953)
L_2(5): (-1.8146843501449508,-0.33968435014495063,1.1353156498550498)
L_3(5): (0.1853929728863994,1.6603929728864,3.135392972886399)
L_4(5): (0.7662624240590674,2.241262424059067,3.7162624240590665)


@Number of Labels in Variable 2: 5
At2:
L_0(5): (-3.3346079502068084,-1.9396079502068082,-0.5446079502068082)
L_1(5): (-2.9425835284498465,-1.5475835284498467,-0.15258352844984668)
L_2(5): (-1.3441784571563096,0.05082154284369034,1.445821542843691)
L_3(5): (0.18049205743486962,1.57549205743487,2.9704920574348694)
L_4(5): (2.102847880059759,3.4978478800597586,4.892847880059758)
