@Using Triangular Membership Functions as antecedent fuzzy sets

@Number of Labels in Variable 1: 5
At1:
L_0(5): (-4.132018109368829,-2.6570181093688294,-1.1820181093688293)
L_1(5): (-3.6620316529888632,-2.187031652988863,-0.712031652988863)
L_2(5): (-1.7502214322794896,-0.27522143227948953,1.199778567720511)
L_3(5): (0.19122908206491923,1.6662290820649197,3.141229082064919)
L_4(5): (1.5906860349783551,3.0656860349783543,4.540686034978354)


@Number of Labels in Variable 2: 5
At2:
L_0(5): (-3.3638913012260616,-1.9688913012260616,-0.5738913012260616)
L_1(5): (-2.9287614464526586,-1.5337614464526586,-0.13876144645265842)
L_2(5): (-1.3286772795544974,0.06632272044550253,1.461322720445503)
L_3(5): (0.15028362882381424,1.5452836288238148,2.9402836288238143)
L_4(5): (1.7967320617954545,3.191732061795454,4.586732061795454)
