@Using Triangular Membership Functions as antecedent fuzzy sets

@Number of Labels in Variable 1: 5
At1:
L_0(5): (-4.102027287116562,-2.6270272871165625,-1.1520272871165624)
L_1(5): (-3.270157638071896,-1.7951576380718959,-0.3201576380718959)
L_2(5): (-1.9753122407083548,-0.5003122407083547,0.9746877592916459)
L_3(5): (0.14474303158866308,1.6197430315886636,3.0947430315886626)
L_4(5): (0.8056854052403567,2.280685405240356,3.755685405240356)


@Number of Labels in Variable 2: 5
At2:
L_0(5): (-3.296255660526098,-1.901255660526098,-0.5062556605260979)
L_1(5): (-2.9135737488303484,-1.5185737488303481,-0.1235737488303481)
L_2(5): (-1.1631082213527737,0.23189177864722635,1.6268917786472268)
L_3(5): (-0.19574392737126722,1.1992560726287333,2.594256072628733)
L_4(5): (1.68744398277331,3.08244398277331,4.477443982773309)
