@Using Triangular Membership Functions as antecedent fuzzy sets

@Number of Labels in Variable 1: 5
Age:
L_0(5): (12.755886256003626,26.005886256003627,39.25588625600363)
L_1(5): (24.099581655508466,37.349581655508466,50.599581655508466)
L_2(5): (42.167136861775184,55.417136861775184,68.66713686177519)
L_3(5): (53.901588240426825,67.15158824042683,80.40158824042683)
L_4(5): (64.82228438510401,78.07228438510401,91.32228438510401)


@Number of Labels in Variable 2: 5
Year:
L_0(5): (54.77594099488887,57.52594099488887,60.27594099488887)
L_1(5): (58.11816776170725,60.86816776170725,63.61816776170725)
L_2(5): (60.03732150520759,62.78732150520759,65.53732150520759)
L_3(5): (64.04843554449097,66.79843554449097,69.54843554449097)
L_4(5): (66.16968221182071,68.91968221182071,71.66968221182071)


@Number of Labels in Variable 3: 5
Positive:
L_0(5): (-10.738241450908395,2.261758549091605,15.261758549091605)
L_1(5): (-0.1621922178287976,12.837807782171202,25.837807782171204)
L_2(5): (9.204451699839705,22.204451699839705,35.2044516998397)
L_3(5): (28.828613129283717,41.82861312928372,54.82861312928372)
L_4(5): (39.816194043100495,52.816194043100495,65.8161940431005)
