@Using Triangular Membership Functions as antecedent fuzzy sets

@Number of Labels in Variable 1: 5
left-weight:
L_0(5): (-0.03077577453803082,0.9692242254619692,1.9692242254619692)
L_1(5): (0.5562566871426153,1.5562566871426153,2.556256687142615)
L_2(5): (2.1537157185658953,3.1537157185658953,4.153715718565895)
L_3(5): (3.017889210265352,4.017889210265352,5.017889210265352)
L_4(5): (4.236337942407068,5.236337942407068,6.236337942407068)


@Number of Labels in Variable 2: 5
left-distance:
L_0(5): (0.15468419372649223,1.1546841937264922,2.1546841937264922)
L_1(5): (0.5138802435391653,1.5138802435391652,2.513880243539165)
L_2(5): (1.7652535570533194,2.7652535570533194,3.7652535570533194)
L_3(5): (2.8301925934688787,3.8301925934688787,4.830192593468879)
L_4(5): (3.818194519281807,4.818194519281807,5.818194519281807)


@Number of Labels in Variable 3: 5
right-weight:
L_0(5): (-0.2510671403192809,0.7489328596807191,1.748932859680719)
L_1(5): (1.4229858998216338,2.422985899821634,3.422985899821634)
L_2(5): (2.234989025145132,3.234989025145132,4.234989025145132)
L_3(5): (3.052303308426037,4.052303308426037,5.052303308426037)
L_4(5): (4.313744393862755,5.313744393862755,6.313744393862755)


@Number of Labels in Variable 4: 5
right-distance:
L_0(5): (0.15648400988964883,1.156484009889649,2.156484009889649)
L_1(5): (1.3724692537686032,2.372469253768603,3.372469253768603)
L_2(5): (1.8405892090158722,2.840589209015872,3.840589209015872)
L_3(5): (3.298630709815943,4.298630709815943,5.298630709815943)
L_4(5): (3.7303791341908563,4.730379134190857,5.730379134190857)
