@Using Triangular Membership Functions as antecedent fuzzy sets

@Number of Labels in Variable 1: 5
left-weight:
L_0(5): (0.21144384515592418,1.2114438451559242,2.211443845155924)
L_1(5): (0.822456648260479,1.822456648260479,2.822456648260479)
L_2(5): (1.8100532840495613,2.810053284049561,3.810053284049561)
L_3(5): (2.902888810780972,3.902888810780972,4.902888810780972)
L_4(5): (4.175403939047088,5.175403939047088,6.175403939047088)


@Number of Labels in Variable 2: 5
left-distance:
L_0(5): (0.008715311034092288,1.0087153110340923,2.0087153110340923)
L_1(5): (0.6201097443324106,1.6201097443324106,2.6201097443324106)
L_2(5): (2.390367414841081,3.390367414841081,4.390367414841081)
L_3(5): (3.408587149846008,4.408587149846008,5.408587149846008)
L_4(5): (3.6823061423160595,4.68230614231606,5.68230614231606)


@Number of Labels in Variable 3: 5
right-weight:
L_0(5): (-0.01910584498448875,0.9808941550155112,1.9808941550155112)
L_1(5): (1.0604588095043634,2.0604588095043637,3.0604588095043637)
L_2(5): (1.613034261945296,2.613034261945296,3.613034261945296)
L_3(5): (3.2174105835418794,4.217410583541879,5.217410583541879)
L_4(5): (3.901715255304458,4.901715255304458,5.901715255304458)


@Number of Labels in Variable 4: 5
right-distance:
L_0(5): (-0.011511746626182762,0.9884882533738173,1.9884882533738173)
L_1(5): (0.8094889678422128,1.8094889678422128,2.8094889678422126)
L_2(5): (1.5617245662984311,2.561724566298431,3.561724566298431)
L_3(5): (2.9950451311611683,3.9950451311611683,4.995045131161168)
L_4(5): (4.155010148750091,5.155010148750091,6.155010148750091)
