@Using Triangular Membership Functions as antecedent fuzzy sets

@Number of Labels in Variable 1: 5
left-weight:
L_0(5): (0.06414859282076846,1.0641485928207683,2.0641485928207683)
L_1(5): (0.5897210660349687,1.5897210660349685,2.5897210660349685)
L_2(5): (2.3465383023745217,3.3465383023745217,4.346538302374522)
L_3(5): (3.274513338174865,4.274513338174865,5.274513338174865)
L_4(5): (3.727874023448592,4.727874023448592,5.727874023448592)


@Number of Labels in Variable 2: 5
left-distance:
L_0(5): (0.05767945689009901,1.057679456890099,2.057679456890099)
L_1(5): (0.6030786667843534,1.6030786667843535,2.6030786667843535)
L_2(5): (2.2902652390087344,3.2902652390087344,4.290265239008734)
L_3(5): (2.941389701264093,3.941389701264093,4.941389701264093)
L_4(5): (4.019373876047524,5.019373876047524,6.019373876047524)


@Number of Labels in Variable 3: 5
right-weight:
L_0(5): (0.0014832200364544024,1.0014832200364543,2.0014832200364543)
L_1(5): (0.944342185419241,1.944342185419241,2.944342185419241)
L_2(5): (2.382025432323081,3.382025432323081,4.382025432323081)
L_3(5): (3.0495106235204057,4.049510623520406,5.049510623520406)
L_4(5): (3.8733875853217885,4.8733875853217885,5.8733875853217885)


@Number of Labels in Variable 4: 5
right-distance:
L_0(5): (0.04915636499656817,1.049156364996568,2.049156364996568)
L_1(5): (0.9072781676308289,1.907278167630829,2.907278167630829)
L_2(5): (2.3354252338580412,3.3354252338580412,4.335425233858041)
L_3(5): (2.782526862747515,3.782526862747515,4.782526862747515)
L_4(5): (3.8237154989373328,4.823715498937332,5.823715498937332)
