@Using Triangular Membership Functions as antecedent fuzzy sets

@Number of Labels in Variable 1: 5
left-weight:
L_0(5): (0.010148592632008402,1.0101485926320084,2.0101485926320084)
L_1(5): (0.8257991509563483,1.8257991509563483,2.8257991509563483)
L_2(5): (2.246171456244123,3.246171456244123,4.246171456244123)
L_3(5): (2.8275875470500687,3.8275875470500687,4.827587547050069)
L_4(5): (3.845488289977494,4.845488289977494,5.845488289977494)


@Number of Labels in Variable 2: 5
left-distance:
L_0(5): (0.04065379301971028,1.0406537930197102,2.04065379301971)
L_1(5): (0.8222953303875731,1.822295330387573,2.822295330387573)
L_2(5): (2.2403787815834866,3.2403787815834866,4.240378781583487)
L_3(5): (3.032117518640543,4.032117518640543,5.032117518640543)
L_4(5): (3.7759141122692523,4.775914112269253,5.775914112269253)


@Number of Labels in Variable 3: 5
right-weight:
L_0(5): (-0.03444567203417004,0.96555432796583,1.96555432796583)
L_1(5): (0.8343184472327971,1.8343184472327971,2.834318447232797)
L_2(5): (2.397738628326254,3.397738628326254,4.397738628326254)
L_3(5): (3.267990320071862,4.267990320071862,5.267990320071862)
L_4(5): (4.2069946969238465,5.2069946969238465,6.2069946969238465)


@Number of Labels in Variable 4: 5
right-distance:
L_0(5): (-0.18874904590486608,0.8112509540951339,1.8112509540951338)
L_1(5): (0.6051959816164142,1.605195981616414,2.605195981616414)
L_2(5): (2.4164015205179217,3.4164015205179217,4.416401520517922)
L_3(5): (2.718522931331294,3.718522931331294,4.718522931331294)
L_4(5): (3.8795896395819107,4.87958963958191,5.87958963958191)
