@Using Triangular Membership Functions as antecedent fuzzy sets

@Number of Labels in Variable 1: 5
left-weight:
L_0(5): (0.0617397871001899,1.06173978710019,2.0617397871001897)
L_1(5): (0.6385886413466725,1.6385886413466726,2.6385886413466726)
L_2(5): (1.6700360268557177,2.6700360268557177,3.6700360268557177)
L_3(5): (3.3381167286717104,4.338116728671711,5.338116728671711)
L_4(5): (3.6942747046169377,4.694274704616938,5.694274704616938)


@Number of Labels in Variable 2: 5
left-distance:
L_0(5): (-0.020731766601157997,0.9792682333988421,1.979268233398842)
L_1(5): (0.5244060135260915,1.5244060135260915,2.5244060135260913)
L_2(5): (1.7298581746244932,2.729858174624493,3.729858174624493)
L_3(5): (3.3233845150369925,4.3233845150369925,5.3233845150369925)
L_4(5): (3.6849028583862635,4.6849028583862635,5.6849028583862635)


@Number of Labels in Variable 3: 5
right-weight:
L_0(5): (-0.23810792270038594,0.7618920772996141,1.761892077299614)
L_1(5): (0.6719232312418542,1.6719232312418542,2.671923231241854)
L_2(5): (1.9851184408769382,2.9851184408769385,3.9851184408769385)
L_3(5): (3.3757275000782037,4.375727500078204,5.375727500078204)
L_4(5): (4.153662830957757,5.153662830957757,6.153662830957757)


@Number of Labels in Variable 4: 5
right-distance:
L_0(5): (-0.12512604661819854,0.8748739533818015,1.8748739533818015)
L_1(5): (1.4293355888446067,2.429335588844607,3.429335588844607)
L_2(5): (2.1740798768709917,3.1740798768709917,4.174079876870992)
L_3(5): (3.324787415097133,4.324787415097132,5.324787415097132)
L_4(5): (4.018087617361413,5.018087617361413,6.018087617361413)
