@Using Triangular Membership Functions as antecedent fuzzy sets

@Number of Labels in Variable 1: 5
sepalLength:
L_0(5): (3.2152711719443805,4.115271171944381,5.015271171944382)
L_1(5): (4.636213197493728,5.536213197493728,6.4362131974937276)
L_2(5): (5.2582041396403385,6.158204139640338,7.058204139640338)
L_3(5): (5.747424578860322,6.647424578860322,7.547424578860323)
L_4(5): (6.731886402507298,7.631886402507298,8.531886402507299)


@Number of Labels in Variable 2: 5
sepalWidth:
L_0(5): (1.6559446821773154,2.2559446821773155,2.8559446821773156)
L_1(5): (1.7460140984174388,2.346014098417439,2.946014098417439)
L_2(5): (2.6410029171105998,3.2410029171106,3.8410029171106)
L_3(5): (3.0595432464352212,3.6595432464352213,4.259543246435221)
L_4(5): (3.7639296661078396,4.36392966610784,4.963929666107839)


@Number of Labels in Variable 3: 5
petalLength:
L_0(5): (-0.29953129514675814,1.175468704853242,2.650468704853242)
L_1(5): (1.5715132559516707,3.0465132559516706,4.521513255951671)
L_2(5): (2.0784968780347564,3.5534968780347564,5.0284968780347565)
L_3(5): (3.739136284345037,5.214136284345038,6.689136284345038)
L_4(5): (4.978444248403062,6.453444248403062,7.9284442484030615)


@Number of Labels in Variable 4: 5
petalWidth:
L_0(5): (-0.35274953371965034,0.24725046628034963,0.8472504662803496)
L_1(5): (0.013908191878731185,0.6139081918787311,1.2139081918787311)
L_2(5): (0.7882612187243053,1.3882612187243055,1.9882612187243054)
L_3(5): (1.3523082377041247,1.9523082377041245,2.5523082377041244)
L_4(5): (2.1178507424279234,2.717850742427923,3.3178507424279235)
