@Using Triangular Membership Functions as antecedent fuzzy sets

@Number of Labels in Variable 1: 5
sepalLength:
L_0(5): (3.4464620987182037,4.346462098718204,5.2464620987182045)
L_1(5): (4.222233261060514,5.122233261060514,6.022233261060514)
L_2(5): (5.218819266020697,6.118819266020696,7.018819266020697)
L_3(5): (6.4267850438356575,7.326785043835658,8.226785043835658)
L_4(5): (7.402651007166036,8.302651007166036,9.202651007166036)


@Number of Labels in Variable 2: 5
sepalWidth:
L_0(5): (1.55552663891866,2.1555266389186603,2.7555266389186603)
L_1(5): (2.230011119909355,2.830011119909355,3.4300111199093553)
L_2(5): (2.806760988274793,3.406760988274793,4.006760988274793)
L_3(5): (3.219831724642695,3.819831724642695,4.4198317246426955)
L_4(5): (3.883888108147961,4.483888108147961,5.083888108147961)


@Number of Labels in Variable 3: 5
petalLength:
L_0(5): (-0.7782081582144554,0.6967918417855447,2.1717918417855446)
L_1(5): (1.2107805343018962,2.6857805343018963,4.160780534301897)
L_2(5): (2.389140484804072,3.864140484804072,5.339140484804072)
L_3(5): (4.328493848344496,5.803493848344496,7.278493848344496)
L_4(5): (4.9597741421314545,6.434774142131454,7.909774142131454)


@Number of Labels in Variable 4: 5
petalWidth:
L_0(5): (-0.6641286413636318,-0.06412864136363175,0.5358713586363681)
L_1(5): (0.2731061379515588,0.8731061379515588,1.4731061379515589)
L_2(5): (0.6510559876190817,1.2510559876190819,1.8510559876190817)
L_3(5): (1.18966911626926,1.78966911626926,2.38966911626926)
L_4(5): (1.8728308477399958,2.472830847739996,3.072830847739996)
