@Using Triangular Membership Functions as antecedent fuzzy sets

@Number of Labels in Variable 1: 5
sepalLength:
L_0(5): (3.1629436870384384,4.062943687038439,4.96294368703844)
L_1(5): (4.589307411874421,5.489307411874421,6.389307411874421)
L_2(5): (5.449217479919587,6.349217479919586,7.2492174799195865)
L_3(5): (6.161809763487086,7.061809763487086,7.961809763487087)
L_4(5): (7.398484069503059,8.29848406950306,9.19848406950306)


@Number of Labels in Variable 2: 5
sepalWidth:
L_0(5): (1.2670199320511564,1.8670199320511565,2.4670199320511563)
L_1(5): (2.2707808697303373,2.8707808697303374,3.4707808697303375)
L_2(5): (2.781972615615243,3.381972615615243,3.981972615615243)
L_3(5): (3.248730742106313,3.848730742106313,4.448730742106314)
L_4(5): (3.7907580279877537,4.390758027987753,4.990758027987753)


@Number of Labels in Variable 3: 5
petalLength:
L_0(5): (-0.09443659287920975,1.3805634071207904,2.8555634071207905)
L_1(5): (0.753926928129885,2.2289269281298854,3.703926928129885)
L_2(5): (2.3271090027197974,3.8021090027197975,5.277109002719798)
L_3(5): (4.396334012088641,5.871334012088641,7.346334012088641)
L_4(5): (5.082211481662668,6.557211481662668,8.032211481662667)


@Number of Labels in Variable 4: 5
petalWidth:
L_0(5): (-0.3769672257809169,0.2230327742190831,0.823032774219083)
L_1(5): (-0.09171321669679672,0.5082867833032032,1.1082867833032033)
L_2(5): (0.9904743555353994,1.5904743555353995,2.1904743555353994)
L_3(5): (1.1721747371891642,1.772174737189164,2.372174737189164)
L_4(5): (1.927752167493787,2.5277521674937873,3.1277521674937874)
