@Using Triangular Membership Functions as antecedent fuzzy sets

@Number of Labels in Variable 1: 5
sepalLength:
L_0(5): (3.451043911148497,4.351043911148497,5.251043911148497)
L_1(5): (4.297839297670204,5.197839297670204,6.097839297670204)
L_2(5): (5.232969365928426,6.1329693659284255,7.032969365928426)
L_3(5): (6.044379225058685,6.944379225058685,7.8443792250586855)
L_4(5): (7.221499949259488,8.121499949259487,9.021499949259487)


@Number of Labels in Variable 2: 5
sepalWidth:
L_0(5): (1.2778675656906966,1.8778675656906967,2.4778675656906968)
L_1(5): (2.0593465329985388,2.659346532998539,3.259346532998539)
L_2(5): (2.609921226469582,3.2099212264695822,3.8099212264695823)
L_3(5): (3.149252765860121,3.749252765860121,4.349252765860121)
L_4(5): (4.059473859803143,4.6594738598031435,5.259473859803143)


@Number of Labels in Variable 3: 5
petalLength:
L_0(5): (0.15894270271263455,1.6339427027126345,3.1089427027126346)
L_1(5): (1.301394798771812,2.776394798771812,4.251394798771813)
L_2(5): (1.988285055603665,3.463285055603665,4.938285055603666)
L_3(5): (4.1745090082981315,5.649509008298132,7.124509008298132)
L_4(5): (5.025559879833645,6.500559879833645,7.975559879833645)


@Number of Labels in Variable 4: 5
petalWidth:
L_0(5): (-0.3471176562465721,0.25288234375342794,0.8528823437534279)
L_1(5): (0.3276003050078352,0.9276003050078352,1.5276003050078353)
L_2(5): (0.8325049283595538,1.432504928359554,2.032504928359554)
L_3(5): (1.496438457724429,2.0964384577244286,2.6964384577244287)
L_4(5): (1.7273889584852005,2.3273889584852006,2.9273889584852006)
