@Using Triangular Membership Functions as antecedent fuzzy sets

@Number of Labels in Variable 1: 5
sepalLength:
L_0(5): (3.359268398904734,4.259268398904735,5.159268398904735)
L_1(5): (4.384849366266646,5.284849366266647,6.184849366266646)
L_2(5): (4.7933634666227665,5.693363466622766,6.593363466622766)
L_3(5): (5.997551809868764,6.897551809868764,7.797551809868764)
L_4(5): (7.095707401349749,7.995707401349749,8.89570740134975)


@Number of Labels in Variable 2: 5
sepalWidth:
L_0(5): (1.1264809714626463,1.7264809714626463,2.3264809714626464)
L_1(5): (1.9458396858950484,2.5458396858950483,3.145839685895049)
L_2(5): (2.700315593705495,3.300315593705495,3.900315593705495)
L_3(5): (3.135124405861999,3.735124405861999,4.3351244058619995)
L_4(5): (3.8611284856283,4.461128485628301,5.0611284856283)


@Number of Labels in Variable 3: 5
petalLength:
L_0(5): (-0.6920945659735057,0.7829054340264944,2.2579054340264944)
L_1(5): (1.6639701601467347,3.1389701601467346,4.613970160146735)
L_2(5): (2.4563861334722876,3.9313861334722877,5.406386133472288)
L_3(5): (3.866528946579207,5.341528946579207,6.816528946579207)
L_4(5): (5.47998888564402,6.95498888564402,8.429988885644018)


@Number of Labels in Variable 4: 5
petalWidth:
L_0(5): (-0.3313110864178941,0.26868891358210595,0.8686889135821059)
L_1(5): (-0.015067898576701863,0.5849321014232981,1.184932101423298)
L_2(5): (0.5264391527391186,1.1264391527391187,1.7264391527391185)
L_3(5): (1.2917049619825862,1.891704961982586,2.491704961982586)
L_4(5): (1.8263616602937773,2.4263616602937774,3.0263616602937775)
