@Using Triangular Membership Functions as antecedent fuzzy sets

@Number of Labels in Variable 1: 5
sepalLength:
L_0(5): (3.0743011125356827,3.974301112535683,4.874301112535684)
L_1(5): (4.608597143317195,5.508597143317195,6.408597143317195)
L_2(5): (5.039549491587284,5.939549491587284,6.8395494915872845)
L_3(5): (6.029550931708674,6.9295509317086745,7.829550931708675)
L_4(5): (6.93903359172634,7.8390335917263405,8.739033591726342)


@Number of Labels in Variable 2: 5
sepalWidth:
L_0(5): (1.532475960399701,2.132475960399701,2.732475960399701)
L_1(5): (2.175546229595982,2.775546229595982,3.375546229595982)
L_2(5): (2.6618810436147333,3.2618810436147334,3.8618810436147335)
L_3(5): (3.425461828281875,4.025461828281875,4.625461828281876)
L_4(5): (3.723516922565318,4.323516922565318,4.923516922565318)


@Number of Labels in Variable 3: 5
petalLength:
L_0(5): (0.014311315591697626,1.4893113155916977,2.964311315591698)
L_1(5): (0.9260019090323496,2.40100190903235,3.87600190903235)
L_2(5): (2.4747643995686373,3.9497643995686373,5.424764399568637)
L_3(5): (3.854116647876838,5.329116647876838,6.804116647876838)
L_4(5): (4.770198990878865,6.2451989908788645,7.720198990878864)


@Number of Labels in Variable 4: 5
petalWidth:
L_0(5): (-0.4304450780774173,0.1695549219225827,0.7695549219225827)
L_1(5): (0.0734221092613731,0.673422109261373,1.2734221092613731)
L_2(5): (0.5379245895705387,1.1379245895705388,1.7379245895705386)
L_3(5): (1.0901776196824173,1.6901776196824172,2.2901776196824173)
L_4(5): (1.7110594401490842,2.3110594401490845,2.9110594401490846)
