@Using Triangular Membership Functions as antecedent fuzzy sets

@Number of Labels in Variable 1: 5
sepalLength:
L_0(5): (3.5702570729543166,4.470257072954317,5.370257072954318)
L_1(5): (3.8701590309195906,4.770159030919591,5.67015903091959)
L_2(5): (4.789705586886616,5.689705586886616,6.589705586886616)
L_3(5): (6.304984150844161,7.204984150844162,8.104984150844162)
L_4(5): (7.157147214427277,8.057147214427276,8.957147214427277)


@Number of Labels in Variable 2: 5
sepalWidth:
L_0(5): (1.3376931609845515,1.9376931609845516,2.5376931609845514)
L_1(5): (1.9293518994337464,2.5293518994337467,3.129351899433747)
L_2(5): (2.769644046572315,3.369644046572315,3.969644046572315)
L_3(5): (3.3506158964391224,3.9506158964391225,4.550615896439123)
L_4(5): (3.863849952552975,4.463849952552975,5.0638499525529745)


@Number of Labels in Variable 3: 5
petalLength:
L_0(5): (-0.11517596386897494,1.3598240361310252,2.834824036131025)
L_1(5): (1.3085036678026758,2.783503667802676,4.258503667802676)
L_2(5): (2.6569094422358144,4.1319094422358145,5.606909442235815)
L_3(5): (3.974953049344005,5.449953049344005,6.924953049344005)
L_4(5): (5.187593362976984,6.662593362976984,8.137593362976983)


@Number of Labels in Variable 4: 5
petalWidth:
L_0(5): (-0.5209698084232672,0.07903019157673283,0.6790301915767327)
L_1(5): (0.17743966996543592,0.7774396699654359,1.3774396699654359)
L_2(5): (0.5944690141028984,1.1944690141028986,1.7944690141028985)
L_3(5): (1.1667100532625463,1.7667100532625462,2.3667100532625462)
L_4(5): (1.795529992190415,2.3955299921904154,2.9955299921904155)
