@Using Triangular Membership Functions as antecedent fuzzy sets

@Number of Labels in Variable 1: 2
Native:
L_0(2): (0.0,1.0,2.0)
L_1(2): (1.0,2.0,3.0)


@Number of Labels in Variable 2: 5
Instructor:
L_0(5): (-4.7777702491535745,1.2222297508464253,7.2222297508464255)
L_1(5): (0.014913677032092454,6.014913677032093,12.014913677032093)
L_2(5): (6.487922654861493,12.487922654861492,18.487922654861492)
L_3(5): (11.668862903409108,17.668862903409106,23.668862903409106)
L_4(5): (21.419901695324054,27.419901695324054,33.41990169532406)


@Number of Labels in Variable 3: 5
Course:
L_0(5): (-4.267208318338992,1.9827916816610083,8.23279168166101)
L_1(5): (1.057488520492341,7.307488520492341,13.55748852049234)
L_2(5): (9.804774448292523,16.054774448292523,22.304774448292523)
L_3(5): (11.12119365014567,17.37119365014567,23.62119365014567)
L_4(5): (20.72227596786165,26.97227596786165,33.22227596786165)


@Number of Labels in Variable 4: 2
Semester:
L_0(2): (0.0,1.0,2.0)
L_1(2): (1.0,2.0,3.0)


@Number of Labels in Variable 5: 5
Size:
L_0(5): (-16.568531014181428,-0.8185310141814277,14.931468985818572)
L_1(5): (1.1656993208617539,16.915699320861755,32.665699320861755)
L_2(5): (19.781134136873757,35.53113413687375,51.28113413687375)
L_3(5): (40.44399381261074,56.19399381261074,71.94399381261074)
L_4(5): (53.38949209871095,69.13949209871096,84.88949209871096)
