@Using Triangular Membership Functions as antecedent fuzzy sets

@Number of Labels in Variable 1: 2
Native:
L_0(2): (0.0,1.0,2.0)
L_1(2): (1.0,2.0,3.0)


@Number of Labels in Variable 2: 5
Instructor:
L_0(5): (-6.690820306323405,-0.6908203063234051,5.309179693676595)
L_1(5): (-1.270459486751908,4.729540513248092,10.729540513248093)
L_2(5): (6.53395934648395,12.53395934648395,18.53395934648395)
L_3(5): (10.270352010137149,16.27035201013715,22.27035201013715)
L_4(5): (20.12128059370496,26.12128059370496,32.12128059370496)


@Number of Labels in Variable 3: 5
Course:
L_0(5): (-6.667808836104026,-0.4178088361040262,5.832191163895974)
L_1(5): (3.1259848417516465,9.375984841751647,15.625984841751647)
L_2(5): (9.059173642195624,15.309173642195624,21.559173642195624)
L_3(5): (14.633134844346536,20.883134844346536,27.133134844346536)
L_4(5): (21.63747877564229,27.88747877564229,34.137478775642286)


@Number of Labels in Variable 4: 2
Semester:
L_0(2): (0.0,1.0,2.0)
L_1(2): (1.0,2.0,3.0)


@Number of Labels in Variable 5: 5
Size:
L_0(5): (-10.064894608261145,5.685105391738855,21.435105391738855)
L_1(5): (8.326399452364864,24.076399452364864,39.82639945236487)
L_2(5): (14.498843977883741,30.24884397788374,45.99884397788374)
L_3(5): (26.994789580328334,42.74478958032833,58.49478958032833)
L_4(5): (45.96028348495947,61.71028348495947,77.46028348495948)
